 1    0.00 160.00
 0    0.00   0.00
         0      0
 1    0.00 160.00
 0    1.51   1.51
         0      0
 1    0.00 160.00
 0    1.51   1.51
         0      0
 2    0.00 160.00
 0    0.29   0.23
         0      0
 2    0.00 160.00
 0    4.50   4.50
         0      0
 2    0.00 160.00
 0    4.50   4.50
         0      0
 3    0.00  22.63  47.79  79.97  97.92 126.01 160.00
 0    1.32   1.26   1.26   1.26   1.21   1.21   1.21
         0      0      0      0      0      0      0
 3    0.00 160.00
 0    4.00   4.00
         0      0
 3    0.00 160.00
 0    4.00   4.00
         0      0
 4    0.00  17.95  22.24  37.84  79.19 153.71 160.00
 0    1.72   1.72   1.67   1.67   1.61   1.61   1.67
         0      0      0      0      0      0      0
 4    0.00 160.00
 0    4.70   4.70
         0      0
 4    0.00 160.00
 0    4.90   4.90
         0      0
 5    0.00  19.12  22.04  24.38  31.79  35.89  43.30  48.37  57.54  71.00
 1    4.02   4.02   3.97   3.91   3.85   3.91   3.79   3.74   3.74   3.74
         0      0      0      0      0      0      0      0      0      0
 5   76.66  79.97  83.88  89.34  96.75 103.19 107.28 112.35 116.84 120.16
 1    3.85   3.91   4.02   4.20   4.48   4.77   5.00   5.29   5.52   5.63
         0      0      0      0      0      0      0      0      0      0
 5  124.84 130.49 134.20 160.00
 0    5.80   5.98   5.98   5.98
         0      0      0      0
 5    0.00 160.00
 0    5.90   5.90
         0      0
 5    0.00 160.00
 0    6.10   6.10
         0      0
 6    0.00  22.04  27.89  32.57  37.65  42.52  47.79  68.47  90.70 107.67
 1   13.56  13.56  13.62  13.74  13.85  13.91  13.91  13.91  13.97  13.97
         0      0      0      0      0      0      0      0      0      0
 6  160.00
 0   13.97
         0
 6    0.00 160.00
 0    6.40   6.40
         0      0
 6    0.00 160.00
 0    6.60   6.60
         0      0
 7    0.00  14.63  17.56  22.04  25.16  29.06  32.57  37.26  43.30  50.33
 1   25.98  25.98  25.86  25.75  25.63  25.52  25.40  25.29  25.17  25.06
         0      0      0      0      0      0      0      0      0      0
 7   62.22  66.32  71.59  75.68  80.17  83.88  90.31  94.41  99.48 103.38
 1   25.00  24.94  24.83  24.71  24.66  24.60  24.48  24.37  24.14  23.97
         0      0      0      0      0      0      0      0      0      0
 7  114.69 130.10 140.64 145.90 160.00
 0   23.85  23.85  23.97  23.97  23.97
         0      0      0      0      0
 7    0.00 160.00
 0    8.00   8.00
         0      0
 7    0.00 160.00
 0    8.00   8.00
         0      0
 8    0.00 160.00
 0   30.00  30.00

